L.cer.detmap =
      3    25    32    41     1  1881
      4    13    80    89     1  1877
L.cer.npmt = 10
L.cer.position = 0  0  1.72
L.cer.size = 2  0.8  1
L.cer.tdc.offsets = 0  0  0  0  0  0  0  0  0  0
L.cer.adc.pedestals = 323  384.3  323.1  301.5  421.3  439.3  495.3  471.9  371.5  326.1
L.cer.adc.gains = 1.42853  1.35393  1.30774  1.31569  1.26859  1.27629  1.30092  1.32234  1.25164  1.3199

